-0.36289169
-0.32682676
0.18354527
0.030517266
-0.040660259
-0.15642181
-1.6977199
-0.68239476
-1.0979295
-2.0167164
-1.4125085
-0.96625501
0.52218372
-0.22342231
-0.7820051
-0.99150127
-0.84010919
-0.63154028
-0.92173114
-2.8618734
1.017354
0.3408522
-0.40538353
-0.54258072
-1.5354154
-1.6354932
-0.32453374
1.0561372
1.7215937
1.0520466
0.89691995
-1.1625703
-2.0852552
-1.3614872
-0.15071053
-1.5642964
0.53646788
1.3205825
0.02269149
0.89838417
0.49715578
0.16554871
-0.40855553
-0.81834122
-1.0119508
-0.33585219
-0.0074106716
0.48649112
0.84626612
-0.97113345
0.83658852
0.58671129
0.3120695
-0.75717138
0.24669865
-0.22317952
0.45661612
-1.129602
-1.2404577
0.73091459
-0.94153855
-1.0596867
1.0113326
0.92044232
2.1530608
-1.5932674
-0.65687588
1.1127742
0.013822283
0.27311585
0.40651464
-0.14892338
0.083946053
0.43993371
-1.2105905
-0.42930237
-0.14968795
-0.57465543
-0.5419932
-0.61256676
0.048964226
0.18328946
-0.74664527
-1.9026981
1.4152336
0.32280735
1.2259156
-1.9844551
0.81924822
0.62531835
-0.14855226
0.6056983
1.0081779
0.37901748
-1.9719712
2.0275638
-1.5491862
-0.22522907
0.12859932
-0.85614824
-0.45797851
-0.56430608
1.419697
-0.58615384
1.0795736
-0.40038071
1.3444643
-0.4132529
0.56549472
-0.30900703
-0.34409397
0.28305541
-0.27514862
0.37573985
-0.3474765
1.03501
-1.6606085
-0.04400733
0.52954673
1.0117663
-0.019504922
0.3929507
-1.6884849
-0.3500532
-0.60055229
1.5956343
0.35910607
-0.76175258
-0.30221779
0.90982882
-1.3737386
0.75089408
1.0299503
-0.92136047
-0.73119195
-2.2824312
0.93547352
0.75350049
0.65222393
1.997571
0.29089595
0.1712436
-0.85361432
0.040393852
-0.64732297
-1.1284866
0.18856767
-0.98769635
1.3147582
-1.0074652
-0.30225351
0.56270052
1.0627317
0.52959294
-1.7880093
0.28084188
-0.3185761
-0.49445863
1.139318
-0.31067495
-1.022006
-1.6106114
-0.70259287
-0.39675156
-0.92807053
1.1692853
-0.075829034
-1.0677103
-1.2154286
1.2740991
-1.173295
-0.15815879
1.8248955
-0.61582866
-0.51310623
-0.45459273
-1.0417033
-0.050336081
-0.29470103
1.1460918
-0.0039561622
2.4478227
-0.1416621
-0.21754366
0.594412
0.75296842
1.0711396
-1.5083009
-0.088280117
-1.0111899
0.95624605
-0.9534998
-0.056087963
-0.65687588
1.4323345
0.55372743
0.34876883
1.0592996
1.0523823
0.99351198
0.54086256
-0.58127282
1.0810925
-0.58034207
0.58923165
1.3510069
-0.6951714
1.6753701
-2.0383884
-1.9384772
-3.0335741
1.266345
-0.61436457
-0.28793283
0.99780797
-0.70819784
-1.6004572
0.54442192
3.9694153
-1.5034538
-0.33494668
-1.8423381
1.2067185
1.3355852
0.37691089
0.093298525
1.2048532
0.27482238
-0.049760173
-0.37857211
-1.5703561
0.0099085138
-0.21038969
1.0368537
-1.0117736
0.43027558
-0.28603101
0.72143731
0.79417532
0.22064053
