0.10708857
-0.080864826
-0.086841294
0.022855632
-0.17532637
0.055798536
-0.026883515
-0.062248907
0.02263292
-0.13757844
-0.048416563
0.10838586
0.079655103
-0.12928242
0.14472289
-0.12032646
0.13889245
-0.13094461
-0.033805851
-0.48331482
0.10799662
0.0027724439
-0.33690981
-0.074188684
-0.14474957
-0.54637834
0.038592135
-0.28453957
0.26731406
0.065229786
-0.029252362
0.1151153
0.14352277
-0.033909678
0.44895693
-0.18902739
0.057773621
0.085335219
0.061757583
0.0079676448
-0.12531039
0.066548547
0.1721204
0.14478571
0.064316221
0.20051334
-0.039464597
0.1209067
0.11832348
0.057451457
0.11984615
0.092945608
0.026798669
-0.14701628
-0.012404483
0.099017169
0.22066314
0.0074730127
-0.27169069
0.15729557
0.10495964
-0.030536732
0.058383107
0.13066922
-0.030885765
-0.17140691
0.33186563
0.22788177
0.029687273
-0.24986152
0.25972916
0.15420132
0.00034370213
0.059238651
0.17118997
0.092183586
-0.28651274
0.46506226
-0.027372131
0.20058503
-0.11632324
0.029290846
-0.30560005
-0.32334617
0.098833339
0.0098200096
0.064357443
-0.024280103
0.029676281
-0.14265856
0.053616939
0.15515127
0.087327788
-0.016750383
-0.04318208
0.15081935
-0.1383462
-0.12196276
0.26520762
-0.35098769
-0.39097546
-0.0075484067
0.015271665
0.18919905
-0.01593339
-0.038179737
-0.30550262
0.18520038
0.19972147
0.034482652
0.14264692
-0.30248087
-0.045857575
-0.11797185
-0.044741451
-0.081978504
0.091941375
0.038338826
0.23829967
0.19165761
0.30032653
-0.092084163
-0.073225355
0.069917809
0.15145808
0.11714061
0.086682944
0.021931457
0.21669012
-0.057247553
0.16301856
0.1321758
0.061210827
-0.088224502
0.34858819
0.011279537
0.3440848
-0.24490655
0.15230355
0.24120805
0.15948727
0.10905065
-0.23582852
-0.14117562
-0.094020877
0.056554722
0.15528711
-0.072359958
0.055954736
-0.11999068
-0.043593365
-0.26218634
0.23150106
-0.10894653
-0.1615166
-0.17884194
0.15184634
0.2250203
0.28697748
0.2170798
-0.16647678
0.13241681
-0.094550783
-0.034960622
0.18275204
0.017159949
0.089087256
0.19984352
0.1937407
-0.13096998
-0.12628264
0.28782367
0.33185671
0.1439741
-0.0060980552
0.27773061
0.51291585
0.056989876
0.17332762
0.063971325
0.18874712
-0.3690147
0.101288
0.14037664
0.25865515
0.039249147
0.020841486
-0.051243019
0.03816344
0.34945007
0.2027177
0.012902696
-0.028390599
0.33186563
0.073210611
0.12763459
0.020000241
0.072271809
-0.15127144
0.28220727
0.1484391
0.027432787
0.10102077
-0.10393177
0.10695784
0.13087367
0.067286892
0.14196655
-0.192422
-0.078940464
-0.15487687
0.094856719
-0.36861417
-0.017183114
0.099941815
-0.061268205
-0.092116315
0.031522683
-0.29117584
-0.18147235
-0.33421529
0.062049301
0.25592218
-0.026463935
0.046853219
0.088765258
0.19534415
0.26403744
0.147168
-0.069272003
-0.39882784
-0.16320699
0.12789676
0.13938237
0.010934711
0.14259475
0.30500812
0.24409307
0.20923196
0.031446618
