1.5090147
-0.71462654
0.88661428
0.66642803
-0.69045226
-0.81450144
-0.30740573
0.20632268
-0.6332883
0.091188408
0.96381829
-0.47813818
-2.3015289
-0.19330643
0.34649741
-0.33002687
0.097988654
0.24883335
-0.4320026
-0.32379011
-0.1159636
-0.22221312
0.30394658
1.7166816
-0.89999046
0.59352138
0.66076599
0.57278972
-0.086543184
0.81237105
0.087816613
0.078048497
0.38815553
-3.2857241
1.2933121
0.20737752
1.9511066
0.54486241
0.77750338
-1.2209727
1.0712172
0.17149444
-0.54308761
-0.057394446
0.63878932
0.4032227
-0.20873584
1.043391
0.97102524
0.47074851
1.043975
-0.39672032
1.0824334
1.1066638
0.81305085
0.54117999
-0.48651752
0.038958762
0.50370185
0.018848079
0.15989585
-0.42862125
-0.015221188
1.406085
0.73987506
-0.24717485
-1.1447125
-0.17580393
-0.41770464
0.93498186
-1.5833196
-0.35501617
0.65582753
0.81056422
0.25620001
0.13187725
-0.30218351
0.16704906
1.0704183
-1.0055058
0.15139696
-0.88234258
1.6030755
0.20290131
-0.16284664
0.37278829
-0.45778683
-0.035652911
-0.80163312
1.2000187
1.1146834
-0.69712012
-1.2352441
2.0682351
0.93730612
0.77095899
0.83418697
1.0963502
-0.014725497
0.23733849
0.82822706
1.3964032
-0.9050289
1.2815332
-1.4422205
0.77397051
-1.5338222
1.307281
1.1503352
0.95852817
0.41606031
-1.3466814
0.20469802
0.88300562
0.39060022
-0.88455908
1.4872406
1.0030511
-1.4477715
1.2563488
0.87342314
0.49663729
1.4785732
-0.42025062
1.6071228
1.1972829
-1.371472
-0.67795253
-2.465078
0.30512815
-0.82898889
0.1575419
-1.0177143
-0.56904291
0.12484217
-0.71756264
-1.2118183
4.4364918
-0.4374269
-0.1523835
-0.28330513
0.64265474
-0.86498162
-1.7293791
1.0546942
-1.5657489
0.65882365
-1.4835473
-0.21269608
0.80690392
-0.83431321
-0.86995236
-0.028890968
-1.590945
-0.34986931
-2.0324756
0.48129505
-0.46944297
0.64923007
0.35766125
-0.5869195
-0.28902387
1.1562131
0.70902496
1.0107743
0.61183055
-1.3903543
-1.7700262
-0.44709897
0.54247966
1.0635752
0.50938015
1.2693222
0.30741749
-0.2382781
-1.0355045
-1.6770953
0.56722469
0.61665344
-1.1698219
-0.024035844
1.3021875
0.3233828
-1.8274558
-1.0090935
-0.14463801
0.1528566
0.26771332
-0.51682077
-1.630339
0.33285262
0.71631047
-0.83987776
-0.20655854
0.30051035
-0.065403762
0.23080394
-0.5624344
-0.49401187
0.80007075
0.67819248
-0.66305941
0.82735347
0.23726516
-2.0370748
-0.40074946
-0.13926413
0.7703073
0.46441218
0.032546003
0.59541924
0.88080343
0.97762244
-1.1862911
0.85174293
-0.4422446
0.085768382
0.46966011
0.30392996
0.032103251
-0.34951665
-1.0391989
0.81237259
0.96776436
-0.62154781
1.2328673
0.71167224
-0.14379831
0.17817049
1.3778514
-3.5472413
-0.12241829
-0.41357176
-1.9717504
1.3256303
1.0858539
-0.39426939
0.35554006
2.0713428
