-0.74942533
-0.24508925
0.15455732
-0.41652046
-0.4190876
0.16546414
-1.3702856
-0.28772352
-1.1272942
-2.0501128
-1.6082265
-0.22701407
0.49769629
-0.4681424
-0.50651298
-0.98229579
-0.14834438
-0.32597232
-1.0467074
-2.866059
0.78408377
0.44822279
-0.29906772
-0.25266662
-1.2465231
-2.2802602
0.19825951
0.45812332
2.1757636
0.026332443
0.20582513
-0.76908248
-1.3045742
-0.59901123
-0.82229092
-2.5443541
-0.021348326
1.0366309
-0.41606207
0.91094128
-0.2673524
0.34194368
-0.397755
-0.55597714
-1.2805521
-0.68391979
-0.09120582
0.21110729
0.27621585
-1.151464
0.52010965
0.55259988
1.0156466
-0.40634417
0.58988307
-0.013275028
0.041821401
-1.1276454
-1.1302958
0.45742738
-0.52917794
-0.51306689
1.3399396
1.1332272
1.6655525
-1.5934636
-0.33522717
0.67741914
-0.41509844
0.56006392
0.090803549
0.20955888
-0.018401215
0.5664233
-0.29409523
-0.27104098
-0.52414283
-0.34080491
-0.34411211
-1.2172323
0.49904289
0.52651219
-1.396738
-2.5245564
0.39389492
0.83366025
0.88957594
-2.2376883
1.0678969
0.29203177
-0.56132653
0.5582625
0.9515952
-0.080282095
-1.9073797
1.3507549
-1.9252843
-0.22259104
0.51245933
-0.40471639
-1.2763941
-0.63022375
0.80057664
-0.8127286
1.2185848
-0.35208834
0.99208132
-0.46937292
0.41076021
0.48475805
-0.33476578
-0.60591288
-0.49094813
0.20573442
-0.61145741
0.86926148
-0.90341663
-0.70116857
0.41159112
1.067272
-0.56496416
0.13612345
-1.7385815
-0.7116093
-0.61445952
1.3174038
0.84165938
-0.52165526
0.41020875
0.63053707
-0.44799088
0.59909731
0.99309422
-1.0706092
-1.2296277
-1.5068682
0.76843223
0.68059667
0.32287449
1.3972865
-0.13705074
0.077016884
-1.0068063
0.55805717
-0.91671692
-0.51585519
0.40416818
-1.1714838
1.1213377
-1.2995426
-0.25114259
0.11727619
0.74414983
0.34617673
-1.5025848
-0.51062783
-0.23357206
-0.67457567
1.2093382
-0.7123831
-1.0987799
-0.99903772
-0.61191602
-0.24950525
-1.4201372
0.76079962
0.18365866
-0.57094071
-0.055630249
0.81035719
-0.61038134
-0.32252808
1.555299
-0.18075492
-0.26941238
-0.35170922
-0.6124536
0.12791089
-1.022545
0.5456729
0.016162159
2.2544785
-0.054668958
1.1614422
-0.38838579
0.68526025
0.53187384
-1.0807225
-0.80365366
-1.2033394
1.2259797
-0.56074989
0.1700442
-0.33522717
2.0515019
0.31680502
-0.13769592
0.96439685
0.18289125
0.58581396
0.54088018
-0.57247531
0.95896086
-1.4238027
1.4208372
1.2577398
-0.63732466
1.5338291
-1.9212369
-2.2373758
-2.8883419
0.59492911
-1.1432831
-0.17988588
1.2733832
-0.65463928
-1.8287771
0.41548024
3.1529907
-1.680983
-0.57993462
-1.6485815
0.98922454
1.2976365
0.31201749
0.39556554
0.59455812
1.2286224
-0.49193239
-0.47482697
-1.8194771
0.05024216
-0.48964805
1.0728855
-1.3456699
0.81305075
-0.025759758
0.21000226
0.68610302
0.27449878
