1.7758458
-1.0843262
0.83494513
0.76203748
-0.71919126
-0.56915331
-0.86997319
0.69012069
-0.043650263
-0.26833612
1.2555739
-0.64374231
-2.3681011
-0.18200488
0.69719796
-0.21941744
0.2054927
-0.30804536
0.20835703
0.31282419
-0.033857537
-0.30125272
0.22376871
1.0237907
-0.42920292
0.51322584
0.78456866
0.86110792
-0.67628088
1.1911395
0.73578526
-0.0013776595
0.67027321
-3.8630674
2.2825104
0.85795799
2.2707831
1.1787727
1.3345636
-2.1957717
1.4273115
-0.085100613
-1.5097377
-0.59514508
0.37240709
0.90248927
-0.56323756
0.81077377
0.50257771
1.1721017
1.2691823
-0.72936282
1.2493996
1.2669303
0.85753219
0.5398767
-1.4809655
0.42181879
0.89153258
0.62641909
-0.10438889
-0.35659033
1.0036706
1.4099268
0.74424372
-0.42365544
-1.2331358
0.13959873
-0.2987621
0.92369735
-2.2006738
-1.086226
0.88763174
1.1062529
0.59305461
0.44199868
-0.59009336
0.2868243
0.89427044
-1.4771159
-0.084022579
-1.3603449
2.1609097
0.26169905
-0.39051587
0.93249906
-0.35281909
0.11717543
-0.56767839
1.4615923
1.3358914
-1.0484017
-1.5080836
1.8181659
1.2127204
0.67168657
0.84826003
0.99510736
-0.60713809
0.76119069
0.88647664
1.4070989
-0.90666949
0.4958969
-1.6874553
0.79179969
-1.8565125
2.4308447
1.8424132
0.90183904
0.15086484
-1.5080213
0.80886507
0.82919671
0.51352517
-1.4194627
1.4762127
0.82348142
-1.5829246
1.2658025
1.6882732
1.3265733
0.82656583
-0.963604
1.5939599
1.6511008
-1.0567786
-1.2358433
-4.2787499
1.016181
-1.3605032
0.62010186
-1.115066
-0.6365658
-0.36323463
-1.2420939
-2.0598802
4.6996393
-1.2032531
-0.72777451
-0.037752798
0.55757237
-1.5164587
-2.8185247
0.95734887
-1.8098046
1.4004477
-2.864787
-0.58777451
1.2782667
-2.4092648
-1.66912
0.64396121
-1.8904936
0.67505142
-2.3528449
0.83542691
-0.73381423
0.95838411
0.58493868
-0.9734217
-0.39262151
1.6684441
0.95899517
0.723251
0.16407304
-1.7710202
-1.5189624
-0.63921308
0.51944473
1.128708
0.28902211
1.6622345
0.8643527
-1.0327349
-1.4772603
-1.8355511
0.96256951
1.1049126
-2.5329508
-0.009287431
1.1255496
0.98648404
-1.1741306
-1.6324545
-0.51115319
0.17673956
0.47130513
-1.2830197
-1.6058438
0.66670853
0.46164716
-1.2257765
0.131166
-0.29514231
-0.34445737
0.095546152
-1.2712
-0.12371214
0.93998782
0.68032941
-1.4013913
0.59875512
1.0399998
-2.1000094
-0.8001805
0.17753197
1.149072
0.87105558
1.1597286
0.88067312
-0.067685201
0.33498527
-1.9446628
1.3139919
-1.1454204
0.71316724
0.099034339
0.71436543
0.7011264
-0.80494216
-1.1649186
0.4490034
1.410702
-0.56414942
0.5761627
0.76712152
0.98415702
0.028400547
1.6850356
-3.6734813
-0.62460542
-0.22374984
-2.3947648
1.5047105
0.60386836
-0.90323223
0.7931691
1.192824
